function x = minMax()


       
minmax = [0 5 20 18 0.008 0.038 -0.014 0.4;
                0 10 30 25 0.015 0.056 -0.008 0.8];

x = minmax;
end